cores = [1, 2, 4, 8, 16, 24];

DynamicNohashSpeedup = [0, 1.00, 2.11, 4.25, 8.50, 8.50, 17.00];
StaticNohashSpeedup = [1.00, 2.11, 3.40, 5.66, 5.66, 5.66];

DynamicHashSpeedup = [0, 1.00, 1.99, 3.92, 7.88, 13.00, 14.89];
StaticHashSpeedup = [0, 1.00, 2.00, 3.98, 7.54, 12.24, 14.59];
